(kicad_pcb (version 20171130) (host pcbnew "(5.1.7)-1")

  (general
    (thickness 1.6)
    (drawings 30)
    (tracks 325)
    (zones 0)
    (modules 41)
    (nets 35)
  )

  (page A4)
  (layers
    (0 F.Cu signal)
    (31 B.Cu power)
    (32 B.Adhes user)
    (33 F.Adhes user)
    (34 B.Paste user)
    (35 F.Paste user)
    (36 B.SilkS user)
    (37 F.SilkS user)
    (38 B.Mask user)
    (39 F.Mask user)
    (40 Dwgs.User user)
    (41 Cmts.User user)
    (42 Eco1.User user)
    (43 Eco2.User user)
    (44 Edge.Cuts user)
    (45 Margin user)
    (46 B.CrtYd user)
    (47 F.CrtYd user)
    (48 B.Fab user hide)
    (49 F.Fab user)
  )

  (setup
    (last_trace_width 0.5)
    (trace_clearance 0.25)
    (zone_clearance 0.254)
    (zone_45_only no)
    (trace_min 0.1524)
    (via_size 0.8)
    (via_drill 0.4)
    (via_min_size 0.508)
    (via_min_drill 0.33)
    (uvia_size 0.508)
    (uvia_drill 0.127)
    (uvias_allowed no)
    (uvia_min_size 0.508)
    (uvia_min_drill 0.127)
    (edge_width 0.1)
    (segment_width 0.2)
    (pcb_text_width 0.3)
    (pcb_text_size 1.5 1.5)
    (mod_edge_width 0.15)
    (mod_text_size 1 1)
    (mod_text_width 0.15)
    (pad_size 1.524 1.524)
    (pad_drill 0.762)
    (pad_to_mask_clearance 0)
    (aux_axis_origin 0 0)
    (visible_elements 7FFFFFFF)
    (pcbplotparams
      (layerselection 0x010fc_ffffffff)
      (usegerberextensions false)
      (usegerberattributes false)
      (usegerberadvancedattributes false)
      (creategerberjobfile false)
      (excludeedgelayer true)
      (linewidth 0.100000)
      (plotframeref false)
      (viasonmask false)
      (mode 1)
      (useauxorigin false)
      (hpglpennumber 1)
      (hpglpenspeed 20)
      (hpglpendiameter 15.000000)
      (psnegative false)
      (psa4output false)
      (plotreference true)
      (plotvalue true)
      (plotinvisibletext false)
      (padsonsilk false)
      (subtractmaskfromsilk false)
      (outputformat 1)
      (mirror false)
      (drillshape 0)
      (scaleselection 1)
      (outputdirectory "Gerbers/"))
  )

  (net 0 "")
  (net 1 "Net-(C1-Pad2)")
  (net 2 "Net-(C1-Pad1)")
  (net 3 "Net-(C2-Pad2)")
  (net 4 "Net-(C2-Pad1)")
  (net 5 "Net-(C3-Pad2)")
  (net 6 "Net-(C3-Pad1)")
  (net 7 GND)
  (net 8 VCC)
  (net 9 /DAC_GREEN)
  (net 10 "Net-(C9-Pad1)")
  (net 11 /DAC_BLUE)
  (net 12 "Net-(C10-Pad1)")
  (net 13 /DAC_RED)
  (net 14 "Net-(C11-Pad1)")
  (net 15 /5V_IN)
  (net 16 /AUDIO-R)
  (net 17 /AUDIO-L)
  (net 18 "Net-(J2-Pad15)")
  (net 19 /V-SYNC_OUT)
  (net 20 /H-SYNC_OUT)
  (net 21 "Net-(J2-Pad12)")
  (net 22 "Net-(J2-Pad11)")
  (net 23 "Net-(J2-Pad9)")
  (net 24 "Net-(J2-Pad4)")
  (net 25 /FILT_BLUE)
  (net 26 /FILT_GREEN)
  (net 27 /FILT_RED)
  (net 28 /H-SYNC)
  (net 29 /V-SYNC)
  (net 30 /MODE1)
  (net 31 /MODE2)
  (net 32 "Net-(R4-Pad1)")
  (net 33 "Net-(R5-Pad1)")
  (net 34 "Net-(J2-Pad0)")

  (net_class Default "This is the default net class."
    (clearance 0.25)
    (trace_width 0.5)
    (via_dia 0.8)
    (via_drill 0.4)
    (uvia_dia 0.508)
    (uvia_drill 0.127)
    (add_net /H-SYNC)
    (add_net /H-SYNC_OUT)
    (add_net /MODE1)
    (add_net /MODE2)
    (add_net /V-SYNC)
    (add_net /V-SYNC_OUT)
    (add_net "Net-(J2-Pad0)")
    (add_net "Net-(J2-Pad11)")
    (add_net "Net-(J2-Pad12)")
    (add_net "Net-(J2-Pad15)")
    (add_net "Net-(J2-Pad4)")
    (add_net "Net-(J2-Pad9)")
    (add_net "Net-(R4-Pad1)")
    (add_net "Net-(R5-Pad1)")
  )

  (net_class 75ohm_track ""
    (clearance 0.25)
    (trace_width 1)
    (via_dia 0.8)
    (via_drill 0.4)
    (uvia_dia 0.508)
    (uvia_drill 0.127)
    (add_net /AUDIO-L)
    (add_net /AUDIO-R)
    (add_net /DAC_BLUE)
    (add_net /DAC_GREEN)
    (add_net /DAC_RED)
    (add_net /FILT_BLUE)
    (add_net /FILT_GREEN)
    (add_net /FILT_RED)
    (add_net "Net-(C1-Pad1)")
    (add_net "Net-(C1-Pad2)")
    (add_net "Net-(C10-Pad1)")
    (add_net "Net-(C11-Pad1)")
    (add_net "Net-(C2-Pad1)")
    (add_net "Net-(C2-Pad2)")
    (add_net "Net-(C3-Pad1)")
    (add_net "Net-(C3-Pad2)")
    (add_net "Net-(C9-Pad1)")
  )

  (net_class Power ""
    (clearance 0.25)
    (trace_width 1)
    (via_dia 0.8)
    (via_drill 0.4)
    (uvia_dia 0.508)
    (uvia_drill 0.127)
    (add_net /5V_IN)
    (add_net GND)
    (add_net VCC)
  )

  (module Connector_Audio_custom:Jack_3.5mm_CUI_SJ1-3533NG_Horizontal (layer F.Cu) (tedit 5F7E48EA) (tstamp 5F7F81FF)
    (at 23 26.5 180)
    (descr "TRS 3.5mm, horizontal, through-hole, https://www.cui.com/product/resource/sj1-353xng.pdf")
    (tags "TRS audio jack stereo horizontal")
    (path /5EB88B31)
    (fp_text reference J1 (at 0.1 14.2 180) (layer F.SilkS)
      (effects (font (size 1 1) (thickness 0.15)))
    )
    (fp_text value AudioJack3 (at 0.1 14.05) (layer F.Fab)
      (effects (font (size 1 1) (thickness 0.15)))
    )
    (fp_line (start -2.1 -5.2) (end 3.9 -5.2) (layer F.Fab) (width 0.1))
    (fp_line (start 3.9 -5.2) (end 3.9 -1.2) (layer F.Fab) (width 0.1))
    (fp_line (start 3.9 -1.2) (end 4.2 -1.2) (layer F.Fab) (width 0.1))
    (fp_line (start 4.2 -1.2) (end 4.2 12.8) (layer F.Fab) (width 0.1))
    (fp_line (start 4.2 12.8) (end -4 12.8) (layer F.Fab) (width 0.1))
    (fp_line (start -4 12.8) (end -4 -1.2) (layer F.Fab) (width 0.1))
    (fp_line (start -4 -1.2) (end -2.1 -1.2) (layer F.Fab) (width 0.1))
    (fp_line (start -2.1 -1.2) (end -2.1 -5.2) (layer F.Fab) (width 0.1))
    (fp_line (start 4.32 -1.2) (end 4.32 12.92) (layer F.SilkS) (width 0.12))
    (fp_line (start 4.32 12.92) (end -4.12 12.92) (layer F.SilkS) (width 0.12))
    (fp_line (start -4.12 12.92) (end -4.12 -1.2) (layer F.SilkS) (width 0.12))
    (fp_line (start -4.5 -5.7) (end -4.5 13.3) (layer F.CrtYd) (width 0.05))
    (fp_line (start -4.5 13.3) (end 4.7 13.3) (layer F.CrtYd) (width 0.05))
    (fp_line (start 4.7 13.3) (end 4.7 -5.7) (layer F.CrtYd) (width 0.05))
    (fp_line (start 4.7 -5.7) (end -4.5 -5.7) (layer F.CrtYd) (width 0.05))
    (fp_text user %R (at 0.1 3.8) (layer F.Fab)
      (effects (font (size 1 1) (thickness 0.15)))
    )
    (pad S thru_hole oval (at 0 0 180) (size 2.8 1.8) (drill oval 2 1) (layers *.Cu *.Mask)
      (net 7 GND))
    (pad T thru_hole oval (at 2 2.4 180) (size 2.8 1.8) (drill oval 2 1) (layers *.Cu *.Mask)
      (net 17 /AUDIO-L))
    (pad R thru_hole oval (at 2 7.9 180) (size 2.8 1.8) (drill oval 2 1) (layers *.Cu *.Mask)
      (net 16 /AUDIO-R))
    (model ${KISYS3DMOD}/Connector_Audio.3dshapes/Jack_3.5mm_CUI_SJ1-3533NG_Horizontal.wrl
      (at (xyz 0 0 0))
      (scale (xyz 1 1 1))
      (rotate (xyz 0 0 0))
    )
    (model ${KIPRJMOD}/Connector_Audio_custom.pretty/CUI_DEVICES_SJ1-3533NG.wrl
      (offset (xyz 0.9 5.2 7.01))
      (scale (xyz 0.3937 0.3937 0.3937))
      (rotate (xyz 180 0 -90))
    )
  )

  (module Package_TO_SOT_SMD:SOT-363_SC-70-6_Handsoldering (layer F.Cu) (tedit 5A02FF57) (tstamp 5F7EE279)
    (at -23 12 270)
    (descr "SOT-363, SC-70-6, Handsoldering")
    (tags "SOT-363 SC-70-6 Handsoldering")
    (path /5F1FDC2D)
    (attr smd)
    (fp_text reference U2 (at 0 2.1 90) (layer F.SilkS)
      (effects (font (size 1 1) (thickness 0.15)))
    )
    (fp_text value 74HCT2G34 (at 0 2 270) (layer F.Fab)
      (effects (font (size 1 1) (thickness 0.15)))
    )
    (fp_line (start -0.175 -1.1) (end -0.675 -0.6) (layer F.Fab) (width 0.1))
    (fp_line (start 0.675 1.1) (end -0.675 1.1) (layer F.Fab) (width 0.1))
    (fp_line (start 0.675 -1.1) (end 0.675 1.1) (layer F.Fab) (width 0.1))
    (fp_line (start -0.675 -0.6) (end -0.675 1.1) (layer F.Fab) (width 0.1))
    (fp_line (start 0.675 -1.1) (end -0.175 -1.1) (layer F.Fab) (width 0.1))
    (fp_line (start -2.4 -1.4) (end 2.4 -1.4) (layer F.CrtYd) (width 0.05))
    (fp_line (start -2.4 -1.4) (end -2.4 1.4) (layer F.CrtYd) (width 0.05))
    (fp_line (start 2.4 1.4) (end 2.4 -1.4) (layer F.CrtYd) (width 0.05))
    (fp_line (start -0.7 1.16) (end 0.7 1.16) (layer F.SilkS) (width 0.12))
    (fp_line (start 0.7 -1.16) (end -1.2 -1.16) (layer F.SilkS) (width 0.12))
    (fp_line (start -2.4 1.4) (end 2.4 1.4) (layer F.CrtYd) (width 0.05))
    (fp_text user %R (at 0 0) (layer F.Fab)
      (effects (font (size 0.5 0.5) (thickness 0.075)))
    )
    (pad 6 smd rect (at 1.33 -0.65 270) (size 1.5 0.4) (layers F.Cu F.Paste F.Mask)
      (net 19 /V-SYNC_OUT))
    (pad 5 smd rect (at 1.33 0 270) (size 1.5 0.4) (layers F.Cu F.Paste F.Mask)
      (net 8 VCC))
    (pad 4 smd rect (at 1.33 0.65 270) (size 1.5 0.4) (layers F.Cu F.Paste F.Mask)
      (net 20 /H-SYNC_OUT))
    (pad 3 smd rect (at -1.33 0.65 270) (size 1.5 0.4) (layers F.Cu F.Paste F.Mask)
      (net 33 "Net-(R5-Pad1)"))
    (pad 2 smd rect (at -1.33 0 270) (size 1.5 0.4) (layers F.Cu F.Paste F.Mask)
      (net 7 GND))
    (pad 1 smd rect (at -1.33 -0.65 270) (size 1.5 0.4) (layers F.Cu F.Paste F.Mask)
      (net 32 "Net-(R4-Pad1)"))
    (model ${KISYS3DMOD}/Package_TO_SOT_SMD.3dshapes/SOT-363_SC-70-6.wrl
      (at (xyz 0 0 0))
      (scale (xyz 1 1 1))
      (rotate (xyz 0 0 0))
    )
  )

  (module Package_SO:SOIC-8_3.9x4.9mm_P1.27mm (layer F.Cu) (tedit 5D9F72B1) (tstamp 5F80D54B)
    (at 0 -1 270)
    (descr "SOIC, 8 Pin (JEDEC MS-012AA, https://www.analog.com/media/en/package-pcb-resources/package/pkg_pdf/soic_narrow-r/r_8.pdf), generated with kicad-footprint-generator ipc_gullwing_generator.py")
    (tags "SOIC SO")
    (path /5F201760)
    (attr smd)
    (fp_text reference U1 (at 0 -3.4 90) (layer F.SilkS)
      (effects (font (size 1 1) (thickness 0.15)))
    )
    (fp_text value THS7316 (at 0 3.4 90) (layer F.Fab)
      (effects (font (size 1 1) (thickness 0.15)))
    )
    (fp_line (start 3.7 -2.7) (end -3.7 -2.7) (layer F.CrtYd) (width 0.05))
    (fp_line (start 3.7 2.7) (end 3.7 -2.7) (layer F.CrtYd) (width 0.05))
    (fp_line (start -3.7 2.7) (end 3.7 2.7) (layer F.CrtYd) (width 0.05))
    (fp_line (start -3.7 -2.7) (end -3.7 2.7) (layer F.CrtYd) (width 0.05))
    (fp_line (start -1.95 -1.475) (end -0.975 -2.45) (layer F.Fab) (width 0.1))
    (fp_line (start -1.95 2.45) (end -1.95 -1.475) (layer F.Fab) (width 0.1))
    (fp_line (start 1.95 2.45) (end -1.95 2.45) (layer F.Fab) (width 0.1))
    (fp_line (start 1.95 -2.45) (end 1.95 2.45) (layer F.Fab) (width 0.1))
    (fp_line (start -0.975 -2.45) (end 1.95 -2.45) (layer F.Fab) (width 0.1))
    (fp_line (start 0 -2.56) (end -3.45 -2.56) (layer F.SilkS) (width 0.12))
    (fp_line (start 0 -2.56) (end 1.95 -2.56) (layer F.SilkS) (width 0.12))
    (fp_line (start 0 2.56) (end -1.95 2.56) (layer F.SilkS) (width 0.12))
    (fp_line (start 0 2.56) (end 1.95 2.56) (layer F.SilkS) (width 0.12))
    (fp_text user %R (at 0 0 90) (layer F.Fab)
      (effects (font (size 0.98 0.98) (thickness 0.15)))
    )
    (pad 8 smd roundrect (at 2.475 -1.905 270) (size 1.95 0.6) (layers F.Cu F.Paste F.Mask) (roundrect_rratio 0.25)
      (net 2 "Net-(C1-Pad1)"))
    (pad 7 smd roundrect (at 2.475 -0.635 270) (size 1.95 0.6) (layers F.Cu F.Paste F.Mask) (roundrect_rratio 0.25)
      (net 4 "Net-(C2-Pad1)"))
    (pad 6 smd roundrect (at 2.475 0.635 270) (size 1.95 0.6) (layers F.Cu F.Paste F.Mask) (roundrect_rratio 0.25)
      (net 6 "Net-(C3-Pad1)"))
    (pad 5 smd roundrect (at 2.475 1.905 270) (size 1.95 0.6) (layers F.Cu F.Paste F.Mask) (roundrect_rratio 0.25)
      (net 7 GND))
    (pad 4 smd roundrect (at -2.475 1.905 270) (size 1.95 0.6) (layers F.Cu F.Paste F.Mask) (roundrect_rratio 0.25)
      (net 8 VCC))
    (pad 3 smd roundrect (at -2.475 0.635 270) (size 1.95 0.6) (layers F.Cu F.Paste F.Mask) (roundrect_rratio 0.25)
      (net 14 "Net-(C11-Pad1)"))
    (pad 2 smd roundrect (at -2.475 -0.635 270) (size 1.95 0.6) (layers F.Cu F.Paste F.Mask) (roundrect_rratio 0.25)
      (net 12 "Net-(C10-Pad1)"))
    (pad 1 smd roundrect (at -2.475 -1.905 270) (size 1.95 0.6) (layers F.Cu F.Paste F.Mask) (roundrect_rratio 0.25)
      (net 10 "Net-(C9-Pad1)"))
    (model ${KISYS3DMOD}/Package_SO.3dshapes/SOIC-8_3.9x4.9mm_P1.27mm.wrl
      (at (xyz 0 0 0))
      (scale (xyz 1 1 1))
      (rotate (xyz 0 0 0))
    )
  )

  (module Button_Switch_THT:SW_DIP_SPSTx02_Slide_9.78x7.26mm_W7.62mm_P2.54mm (layer F.Cu) (tedit 5A4E1404) (tstamp 5F7EE249)
    (at -23.5 -18 90)
    (descr "2x-dip-switch SPST , Slide, row spacing 7.62 mm (300 mils), body size 9.78x7.26mm (see e.g. https://www.ctscorp.com/wp-content/uploads/206-208.pdf)")
    (tags "DIP Switch SPST Slide 7.62mm 300mil")
    (path /5F234110)
    (fp_text reference SW1 (at 3.81 -3.42 90) (layer F.SilkS)
      (effects (font (size 1 1) (thickness 0.15)))
    )
    (fp_text value SW_DIP_x02 (at 3.81 5.96 90) (layer F.Fab)
      (effects (font (size 1 1) (thickness 0.15)))
    )
    (fp_line (start 8.95 -2.7) (end -1.35 -2.7) (layer F.CrtYd) (width 0.05))
    (fp_line (start 8.95 5.25) (end 8.95 -2.7) (layer F.CrtYd) (width 0.05))
    (fp_line (start -1.35 5.25) (end 8.95 5.25) (layer F.CrtYd) (width 0.05))
    (fp_line (start -1.35 -2.7) (end -1.35 5.25) (layer F.CrtYd) (width 0.05))
    (fp_line (start 3.133333 1.905) (end 3.133333 3.175) (layer F.SilkS) (width 0.12))
    (fp_line (start 1.78 3.105) (end 3.133333 3.105) (layer F.SilkS) (width 0.12))
    (fp_line (start 1.78 2.985) (end 3.133333 2.985) (layer F.SilkS) (width 0.12))
    (fp_line (start 1.78 2.865) (end 3.133333 2.865) (layer F.SilkS) (width 0.12))
    (fp_line (start 1.78 2.745) (end 3.133333 2.745) (layer F.SilkS) (width 0.12))
    (fp_line (start 1.78 2.625) (end 3.133333 2.625) (layer F.SilkS) (width 0.12))
    (fp_line (start 1.78 2.505) (end 3.133333 2.505) (layer F.SilkS) (width 0.12))
    (fp_line (start 1.78 2.385) (end 3.133333 2.385) (layer F.SilkS) (width 0.12))
    (fp_line (start 1.78 2.265) (end 3.133333 2.265) (layer F.SilkS) (width 0.12))
    (fp_line (start 1.78 2.145) (end 3.133333 2.145) (layer F.SilkS) (width 0.12))
    (fp_line (start 1.78 2.025) (end 3.133333 2.025) (layer F.SilkS) (width 0.12))
    (fp_line (start 5.84 1.905) (end 1.78 1.905) (layer F.SilkS) (width 0.12))
    (fp_line (start 5.84 3.175) (end 5.84 1.905) (layer F.SilkS) (width 0.12))
    (fp_line (start 1.78 3.175) (end 5.84 3.175) (layer F.SilkS) (width 0.12))
    (fp_line (start 1.78 1.905) (end 1.78 3.175) (layer F.SilkS) (width 0.12))
    (fp_line (start 3.133333 -0.635) (end 3.133333 0.635) (layer F.SilkS) (width 0.12))
    (fp_line (start 1.78 0.565) (end 3.133333 0.565) (layer F.SilkS) (width 0.12))
    (fp_line (start 1.78 0.445) (end 3.133333 0.445) (layer F.SilkS) (width 0.12))
    (fp_line (start 1.78 0.325) (end 3.133333 0.325) (layer F.SilkS) (width 0.12))
    (fp_line (start 1.78 0.205) (end 3.133333 0.205) (layer F.SilkS) (width 0.12))
    (fp_line (start 1.78 0.085) (end 3.133333 0.085) (layer F.SilkS) (width 0.12))
    (fp_line (start 1.78 -0.035) (end 3.133333 -0.035) (layer F.SilkS) (width 0.12))
    (fp_line (start 1.78 -0.155) (end 3.133333 -0.155) (layer F.SilkS) (width 0.12))
    (fp_line (start 1.78 -0.275) (end 3.133333 -0.275) (layer F.SilkS) (width 0.12))
    (fp_line (start 1.78 -0.395) (end 3.133333 -0.395) (layer F.SilkS) (width 0.12))
    (fp_line (start 1.78 -0.515) (end 3.133333 -0.515) (layer F.SilkS) (width 0.12))
    (fp_line (start 5.84 -0.635) (end 1.78 -0.635) (layer F.SilkS) (width 0.12))
    (fp_line (start 5.84 0.635) (end 5.84 -0.635) (layer F.SilkS) (width 0.12))
    (fp_line (start 1.78 0.635) (end 5.84 0.635) (layer F.SilkS) (width 0.12))
    (fp_line (start 1.78 -0.635) (end 1.78 0.635) (layer F.SilkS) (width 0.12))
    (fp_line (start -1.38 -2.66) (end -1.38 -1.277) (layer F.SilkS) (width 0.12))
    (fp_line (start -1.38 -2.66) (end 0.004 -2.66) (layer F.SilkS) (width 0.12))
    (fp_line (start 8.76 -2.42) (end 8.76 4.96) (layer F.SilkS) (width 0.12))
    (fp_line (start -1.14 -2.42) (end -1.14 4.96) (layer F.SilkS) (width 0.12))
    (fp_line (start -1.14 4.96) (end 8.76 4.96) (layer F.SilkS) (width 0.12))
    (fp_line (start -1.14 -2.42) (end 8.76 -2.42) (layer F.SilkS) (width 0.12))
    (fp_line (start 3.133333 1.905) (end 3.133333 3.175) (layer F.Fab) (width 0.1))
    (fp_line (start 1.78 3.105) (end 3.133333 3.105) (layer F.Fab) (width 0.1))
    (fp_line (start 1.78 3.005) (end 3.133333 3.005) (layer F.Fab) (width 0.1))
    (fp_line (start 1.78 2.905) (end 3.133333 2.905) (layer F.Fab) (width 0.1))
    (fp_line (start 1.78 2.805) (end 3.133333 2.805) (layer F.Fab) (width 0.1))
    (fp_line (start 1.78 2.705) (end 3.133333 2.705) (layer F.Fab) (width 0.1))
    (fp_line (start 1.78 2.605) (end 3.133333 2.605) (layer F.Fab) (width 0.1))
    (fp_line (start 1.78 2.505) (end 3.133333 2.505) (layer F.Fab) (width 0.1))
    (fp_line (start 1.78 2.405) (end 3.133333 2.405) (layer F.Fab) (width 0.1))
    (fp_line (start 1.78 2.305) (end 3.133333 2.305) (layer F.Fab) (width 0.1))
    (fp_line (start 1.78 2.205) (end 3.133333 2.205) (layer F.Fab) (width 0.1))
    (fp_line (start 1.78 2.105) (end 3.133333 2.105) (layer F.Fab) (width 0.1))
    (fp_line (start 1.78 2.005) (end 3.133333 2.005) (layer F.Fab) (width 0.1))
    (fp_line (start 5.84 1.905) (end 1.78 1.905) (layer F.Fab) (width 0.1))
    (fp_line (start 5.84 3.175) (end 5.84 1.905) (layer F.Fab) (width 0.1))
    (fp_line (start 1.78 3.175) (end 5.84 3.175) (layer F.Fab) (width 0.1))
    (fp_line (start 1.78 1.905) (end 1.78 3.175) (layer F.Fab) (width 0.1))
    (fp_line (start 3.133333 -0.635) (end 3.133333 0.635) (layer F.Fab) (width 0.1))
    (fp_line (start 1.78 0.565) (end 3.133333 0.565) (layer F.Fab) (width 0.1))
    (fp_line (start 1.78 0.465) (end 3.133333 0.465) (layer F.Fab) (width 0.1))
    (fp_line (start 1.78 0.365) (end 3.133333 0.365) (layer F.Fab) (width 0.1))
    (fp_line (start 1.78 0.265) (end 3.133333 0.265) (layer F.Fab) (width 0.1))
    (fp_line (start 1.78 0.165) (end 3.133333 0.165) (layer F.Fab) (width 0.1))
    (fp_line (start 1.78 0.065) (end 3.133333 0.065) (layer F.Fab) (width 0.1))
    (fp_line (start 1.78 -0.035) (end 3.133333 -0.035) (layer F.Fab) (width 0.1))
    (fp_line (start 1.78 -0.135) (end 3.133333 -0.135) (layer F.Fab) (width 0.1))
    (fp_line (start 1.78 -0.235) (end 3.133333 -0.235) (layer F.Fab) (width 0.1))
    (fp_line (start 1.78 -0.335) (end 3.133333 -0.335) (layer F.Fab) (width 0.1))
    (fp_line (start 1.78 -0.435) (end 3.133333 -0.435) (layer F.Fab) (width 0.1))
    (fp_line (start 1.78 -0.535) (end 3.133333 -0.535) (layer F.Fab) (width 0.1))
    (fp_line (start 5.84 -0.635) (end 1.78 -0.635) (layer F.Fab) (width 0.1))
    (fp_line (start 5.84 0.635) (end 5.84 -0.635) (layer F.Fab) (width 0.1))
    (fp_line (start 1.78 0.635) (end 5.84 0.635) (layer F.Fab) (width 0.1))
    (fp_line (start 1.78 -0.635) (end 1.78 0.635) (layer F.Fab) (width 0.1))
    (fp_line (start -1.08 -1.36) (end -0.08 -2.36) (layer F.Fab) (width 0.1))
    (fp_line (start -1.08 4.9) (end -1.08 -1.36) (layer F.Fab) (width 0.1))
    (fp_line (start 8.7 4.9) (end -1.08 4.9) (layer F.Fab) (width 0.1))
    (fp_line (start 8.7 -2.36) (end 8.7 4.9) (layer F.Fab) (width 0.1))
    (fp_line (start -0.08 -2.36) (end 8.7 -2.36) (layer F.Fab) (width 0.1))
    (fp_text user on (at 5.365 -1.4975 90) (layer F.Fab)
      (effects (font (size 0.8 0.8) (thickness 0.12)))
    )
    (fp_text user %R (at 7.27 1.27) (layer F.Fab)
      (effects (font (size 0.8 0.8) (thickness 0.12)))
    )
    (pad 4 thru_hole oval (at 7.62 0 90) (size 1.6 1.6) (drill 0.8) (layers *.Cu *.Mask)
      (net 30 /MODE1))
    (pad 2 thru_hole oval (at 0 2.54 90) (size 1.6 1.6) (drill 0.8) (layers *.Cu *.Mask)
      (net 7 GND))
    (pad 3 thru_hole oval (at 7.62 2.54 90) (size 1.6 1.6) (drill 0.8) (layers *.Cu *.Mask)
      (net 31 /MODE2))
    (pad 1 thru_hole rect (at 0 0 90) (size 1.6 1.6) (drill 0.8) (layers *.Cu *.Mask)
      (net 7 GND))
    (model ${KISYS3DMOD}/Button_Switch_THT.3dshapes/SW_DIP_SPSTx02_Slide_9.78x7.26mm_W7.62mm_P2.54mm.wrl
      (at (xyz 0 0 0))
      (scale (xyz 1 1 1))
      (rotate (xyz 0 0 90))
    )
  )

  (module Resistor_SMD:R_0805_2012Metric_Pad1.15x1.40mm_HandSolder (layer F.Cu) (tedit 5B36C52B) (tstamp 5F7EE1F0)
    (at -24 17.5)
    (descr "Resistor SMD 0805 (2012 Metric), square (rectangular) end terminal, IPC_7351 nominal with elongated pad for handsoldering. (Body size source: https://docs.google.com/spreadsheets/d/1BsfQQcO9C6DZCsRaXUlFlo91Tg2WpOkGARC1WS5S8t0/edit?usp=sharing), generated with kicad-footprint-generator")
    (tags "resistor handsolder")
    (path /5F259703)
    (attr smd)
    (fp_text reference R16 (at 0 -1.65) (layer F.SilkS)
      (effects (font (size 1 1) (thickness 0.15)))
    )
    (fp_text value 10kR (at 0 1.65) (layer F.Fab)
      (effects (font (size 1 1) (thickness 0.15)))
    )
    (fp_line (start 1.85 0.95) (end -1.85 0.95) (layer F.CrtYd) (width 0.05))
    (fp_line (start 1.85 -0.95) (end 1.85 0.95) (layer F.CrtYd) (width 0.05))
    (fp_line (start -1.85 -0.95) (end 1.85 -0.95) (layer F.CrtYd) (width 0.05))
    (fp_line (start -1.85 0.95) (end -1.85 -0.95) (layer F.CrtYd) (width 0.05))
    (fp_line (start -0.261252 0.71) (end 0.261252 0.71) (layer F.SilkS) (width 0.12))
    (fp_line (start -0.261252 -0.71) (end 0.261252 -0.71) (layer F.SilkS) (width 0.12))
    (fp_line (start 1 0.6) (end -1 0.6) (layer F.Fab) (width 0.1))
    (fp_line (start 1 -0.6) (end 1 0.6) (layer F.Fab) (width 0.1))
    (fp_line (start -1 -0.6) (end 1 -0.6) (layer F.Fab) (width 0.1))
    (fp_line (start -1 0.6) (end -1 -0.6) (layer F.Fab) (width 0.1))
    (fp_text user %R (at 0 0) (layer F.Fab)
      (effects (font (size 0.5 0.5) (thickness 0.08)))
    )
    (pad 2 smd roundrect (at 1.025 0) (size 1.15 1.4) (layers F.Cu F.Paste F.Mask) (roundrect_rratio 0.2173904347826087)
      (net 20 /H-SYNC_OUT))
    (pad 1 smd roundrect (at -1.025 0) (size 1.15 1.4) (layers F.Cu F.Paste F.Mask) (roundrect_rratio 0.2173904347826087)
      (net 8 VCC))
    (model ${KISYS3DMOD}/Resistor_SMD.3dshapes/R_0805_2012Metric.wrl
      (at (xyz 0 0 0))
      (scale (xyz 1 1 1))
      (rotate (xyz 0 0 0))
    )
  )

  (module Resistor_SMD:R_0805_2012Metric_Pad1.15x1.40mm_HandSolder (layer F.Cu) (tedit 5B36C52B) (tstamp 5F7EE1DF)
    (at -20 17.5 180)
    (descr "Resistor SMD 0805 (2012 Metric), square (rectangular) end terminal, IPC_7351 nominal with elongated pad for handsoldering. (Body size source: https://docs.google.com/spreadsheets/d/1BsfQQcO9C6DZCsRaXUlFlo91Tg2WpOkGARC1WS5S8t0/edit?usp=sharing), generated with kicad-footprint-generator")
    (tags "resistor handsolder")
    (path /5F245B79)
    (attr smd)
    (fp_text reference R15 (at 0 -1.65) (layer F.SilkS)
      (effects (font (size 1 1) (thickness 0.15)))
    )
    (fp_text value 10kR (at 0 1.65) (layer F.Fab)
      (effects (font (size 1 1) (thickness 0.15)))
    )
    (fp_line (start 1.85 0.95) (end -1.85 0.95) (layer F.CrtYd) (width 0.05))
    (fp_line (start 1.85 -0.95) (end 1.85 0.95) (layer F.CrtYd) (width 0.05))
    (fp_line (start -1.85 -0.95) (end 1.85 -0.95) (layer F.CrtYd) (width 0.05))
    (fp_line (start -1.85 0.95) (end -1.85 -0.95) (layer F.CrtYd) (width 0.05))
    (fp_line (start -0.261252 0.71) (end 0.261252 0.71) (layer F.SilkS) (width 0.12))
    (fp_line (start -0.261252 -0.71) (end 0.261252 -0.71) (layer F.SilkS) (width 0.12))
    (fp_line (start 1 0.6) (end -1 0.6) (layer F.Fab) (width 0.1))
    (fp_line (start 1 -0.6) (end 1 0.6) (layer F.Fab) (width 0.1))
    (fp_line (start -1 -0.6) (end 1 -0.6) (layer F.Fab) (width 0.1))
    (fp_line (start -1 0.6) (end -1 -0.6) (layer F.Fab) (width 0.1))
    (fp_text user %R (at 0 0) (layer F.Fab)
      (effects (font (size 0.5 0.5) (thickness 0.08)))
    )
    (pad 2 smd roundrect (at 1.025 0 180) (size 1.15 1.4) (layers F.Cu F.Paste F.Mask) (roundrect_rratio 0.2173904347826087)
      (net 19 /V-SYNC_OUT))
    (pad 1 smd roundrect (at -1.025 0 180) (size 1.15 1.4) (layers F.Cu F.Paste F.Mask) (roundrect_rratio 0.2173904347826087)
      (net 8 VCC))
    (model ${KISYS3DMOD}/Resistor_SMD.3dshapes/R_0805_2012Metric.wrl
      (at (xyz 0 0 0))
      (scale (xyz 1 1 1))
      (rotate (xyz 0 0 0))
    )
  )

  (module Resistor_SMD:R_0805_2012Metric_Pad1.15x1.40mm_HandSolder (layer B.Cu) (tedit 5B36C52B) (tstamp 5F7EE1CE)
    (at -4 -8.5 90)
    (descr "Resistor SMD 0805 (2012 Metric), square (rectangular) end terminal, IPC_7351 nominal with elongated pad for handsoldering. (Body size source: https://docs.google.com/spreadsheets/d/1BsfQQcO9C6DZCsRaXUlFlo91Tg2WpOkGARC1WS5S8t0/edit?usp=sharing), generated with kicad-footprint-generator")
    (tags "resistor handsolder")
    (path /5F23B321)
    (attr smd)
    (fp_text reference R14 (at 0 1.65 270) (layer B.SilkS)
      (effects (font (size 1 1) (thickness 0.15)) (justify mirror))
    )
    (fp_text value 1kR (at 0 -1.65 270) (layer B.Fab)
      (effects (font (size 1 1) (thickness 0.15)) (justify mirror))
    )
    (fp_line (start 1.85 -0.95) (end -1.85 -0.95) (layer B.CrtYd) (width 0.05))
    (fp_line (start 1.85 0.95) (end 1.85 -0.95) (layer B.CrtYd) (width 0.05))
    (fp_line (start -1.85 0.95) (end 1.85 0.95) (layer B.CrtYd) (width 0.05))
    (fp_line (start -1.85 -0.95) (end -1.85 0.95) (layer B.CrtYd) (width 0.05))
    (fp_line (start -0.261252 -0.71) (end 0.261252 -0.71) (layer B.SilkS) (width 0.12))
    (fp_line (start -0.261252 0.71) (end 0.261252 0.71) (layer B.SilkS) (width 0.12))
    (fp_line (start 1 -0.6) (end -1 -0.6) (layer B.Fab) (width 0.1))
    (fp_line (start 1 0.6) (end 1 -0.6) (layer B.Fab) (width 0.1))
    (fp_line (start -1 0.6) (end 1 0.6) (layer B.Fab) (width 0.1))
    (fp_line (start -1 -0.6) (end -1 0.6) (layer B.Fab) (width 0.1))
    (fp_text user %R (at 0 0 270) (layer B.Fab)
      (effects (font (size 0.5 0.5) (thickness 0.08)) (justify mirror))
    )
    (pad 2 smd roundrect (at 1.025 0 90) (size 1.15 1.4) (layers B.Cu B.Paste B.Mask) (roundrect_rratio 0.2173904347826087)
      (net 7 GND))
    (pad 1 smd roundrect (at -1.025 0 90) (size 1.15 1.4) (layers B.Cu B.Paste B.Mask) (roundrect_rratio 0.2173904347826087)
      (net 14 "Net-(C11-Pad1)"))
    (model ${KISYS3DMOD}/Resistor_SMD.3dshapes/R_0805_2012Metric.wrl
      (at (xyz 0 0 0))
      (scale (xyz 1 1 1))
      (rotate (xyz 0 0 0))
    )
  )

  (module Resistor_SMD:R_0805_2012Metric_Pad1.15x1.40mm_HandSolder (layer B.Cu) (tedit 5B36C52B) (tstamp 5F7EE1BD)
    (at 1.5 -8.5 90)
    (descr "Resistor SMD 0805 (2012 Metric), square (rectangular) end terminal, IPC_7351 nominal with elongated pad for handsoldering. (Body size source: https://docs.google.com/spreadsheets/d/1BsfQQcO9C6DZCsRaXUlFlo91Tg2WpOkGARC1WS5S8t0/edit?usp=sharing), generated with kicad-footprint-generator")
    (tags "resistor handsolder")
    (path /5F2476BE)
    (attr smd)
    (fp_text reference R13 (at 0 1.65 90) (layer B.SilkS)
      (effects (font (size 1 1) (thickness 0.15)) (justify mirror))
    )
    (fp_text value 1kR (at 0 -1.65 90) (layer B.Fab)
      (effects (font (size 1 1) (thickness 0.15)) (justify mirror))
    )
    (fp_line (start 1.85 -0.95) (end -1.85 -0.95) (layer B.CrtYd) (width 0.05))
    (fp_line (start 1.85 0.95) (end 1.85 -0.95) (layer B.CrtYd) (width 0.05))
    (fp_line (start -1.85 0.95) (end 1.85 0.95) (layer B.CrtYd) (width 0.05))
    (fp_line (start -1.85 -0.95) (end -1.85 0.95) (layer B.CrtYd) (width 0.05))
    (fp_line (start -0.261252 -0.71) (end 0.261252 -0.71) (layer B.SilkS) (width 0.12))
    (fp_line (start -0.261252 0.71) (end 0.261252 0.71) (layer B.SilkS) (width 0.12))
    (fp_line (start 1 -0.6) (end -1 -0.6) (layer B.Fab) (width 0.1))
    (fp_line (start 1 0.6) (end 1 -0.6) (layer B.Fab) (width 0.1))
    (fp_line (start -1 0.6) (end 1 0.6) (layer B.Fab) (width 0.1))
    (fp_line (start -1 -0.6) (end -1 0.6) (layer B.Fab) (width 0.1))
    (fp_text user %R (at 0 0 90) (layer B.Fab)
      (effects (font (size 0.5 0.5) (thickness 0.08)) (justify mirror))
    )
    (pad 2 smd roundrect (at 1.025 0 90) (size 1.15 1.4) (layers B.Cu B.Paste B.Mask) (roundrect_rratio 0.2173904347826087)
      (net 7 GND))
    (pad 1 smd roundrect (at -1.025 0 90) (size 1.15 1.4) (layers B.Cu B.Paste B.Mask) (roundrect_rratio 0.2173904347826087)
      (net 12 "Net-(C10-Pad1)"))
    (model ${KISYS3DMOD}/Resistor_SMD.3dshapes/R_0805_2012Metric.wrl
      (at (xyz 0 0 0))
      (scale (xyz 1 1 1))
      (rotate (xyz 0 0 0))
    )
  )

  (module Resistor_SMD:R_0805_2012Metric_Pad1.15x1.40mm_HandSolder (layer B.Cu) (tedit 5B36C52B) (tstamp 5F7EE1AC)
    (at 7 -8.5 90)
    (descr "Resistor SMD 0805 (2012 Metric), square (rectangular) end terminal, IPC_7351 nominal with elongated pad for handsoldering. (Body size source: https://docs.google.com/spreadsheets/d/1BsfQQcO9C6DZCsRaXUlFlo91Tg2WpOkGARC1WS5S8t0/edit?usp=sharing), generated with kicad-footprint-generator")
    (tags "resistor handsolder")
    (path /5F24F609)
    (attr smd)
    (fp_text reference R12 (at 0 1.65 90) (layer B.SilkS)
      (effects (font (size 1 1) (thickness 0.15)) (justify mirror))
    )
    (fp_text value 1kR (at 0 -1.65 90) (layer B.Fab)
      (effects (font (size 1 1) (thickness 0.15)) (justify mirror))
    )
    (fp_line (start 1.85 -0.95) (end -1.85 -0.95) (layer B.CrtYd) (width 0.05))
    (fp_line (start 1.85 0.95) (end 1.85 -0.95) (layer B.CrtYd) (width 0.05))
    (fp_line (start -1.85 0.95) (end 1.85 0.95) (layer B.CrtYd) (width 0.05))
    (fp_line (start -1.85 -0.95) (end -1.85 0.95) (layer B.CrtYd) (width 0.05))
    (fp_line (start -0.261252 -0.71) (end 0.261252 -0.71) (layer B.SilkS) (width 0.12))
    (fp_line (start -0.261252 0.71) (end 0.261252 0.71) (layer B.SilkS) (width 0.12))
    (fp_line (start 1 -0.6) (end -1 -0.6) (layer B.Fab) (width 0.1))
    (fp_line (start 1 0.6) (end 1 -0.6) (layer B.Fab) (width 0.1))
    (fp_line (start -1 0.6) (end 1 0.6) (layer B.Fab) (width 0.1))
    (fp_line (start -1 -0.6) (end -1 0.6) (layer B.Fab) (width 0.1))
    (fp_text user %R (at 0 0 90) (layer B.Fab)
      (effects (font (size 0.5 0.5) (thickness 0.08)) (justify mirror))
    )
    (pad 2 smd roundrect (at 1.025 0 90) (size 1.15 1.4) (layers B.Cu B.Paste B.Mask) (roundrect_rratio 0.2173904347826087)
      (net 7 GND))
    (pad 1 smd roundrect (at -1.025 0 90) (size 1.15 1.4) (layers B.Cu B.Paste B.Mask) (roundrect_rratio 0.2173904347826087)
      (net 10 "Net-(C9-Pad1)"))
    (model ${KISYS3DMOD}/Resistor_SMD.3dshapes/R_0805_2012Metric.wrl
      (at (xyz 0 0 0))
      (scale (xyz 1 1 1))
      (rotate (xyz 0 0 0))
    )
  )

  (module Resistor_SMD:R_0805_2012Metric_Pad1.15x1.40mm_HandSolder (layer F.Cu) (tedit 5B36C52B) (tstamp 5F7EE19B)
    (at -6.5 -8.5 270)
    (descr "Resistor SMD 0805 (2012 Metric), square (rectangular) end terminal, IPC_7351 nominal with elongated pad for handsoldering. (Body size source: https://docs.google.com/spreadsheets/d/1BsfQQcO9C6DZCsRaXUlFlo91Tg2WpOkGARC1WS5S8t0/edit?usp=sharing), generated with kicad-footprint-generator")
    (tags "resistor handsolder")
    (path /5F223679)
    (attr smd)
    (fp_text reference R11 (at 0 2.9 90) (layer F.SilkS)
      (effects (font (size 1 1) (thickness 0.15)))
    )
    (fp_text value 5.1MR (at 0 1.65 90) (layer F.Fab)
      (effects (font (size 1 1) (thickness 0.15)))
    )
    (fp_line (start 1.85 0.95) (end -1.85 0.95) (layer F.CrtYd) (width 0.05))
    (fp_line (start 1.85 -0.95) (end 1.85 0.95) (layer F.CrtYd) (width 0.05))
    (fp_line (start -1.85 -0.95) (end 1.85 -0.95) (layer F.CrtYd) (width 0.05))
    (fp_line (start -1.85 0.95) (end -1.85 -0.95) (layer F.CrtYd) (width 0.05))
    (fp_line (start -0.261252 0.71) (end 0.261252 0.71) (layer F.SilkS) (width 0.12))
    (fp_line (start -0.261252 -0.71) (end 0.261252 -0.71) (layer F.SilkS) (width 0.12))
    (fp_line (start 1 0.6) (end -1 0.6) (layer F.Fab) (width 0.1))
    (fp_line (start 1 -0.6) (end 1 0.6) (layer F.Fab) (width 0.1))
    (fp_line (start -1 -0.6) (end 1 -0.6) (layer F.Fab) (width 0.1))
    (fp_line (start -1 0.6) (end -1 -0.6) (layer F.Fab) (width 0.1))
    (fp_text user %R (at 0 0 90) (layer F.Fab)
      (effects (font (size 0.5 0.5) (thickness 0.08)))
    )
    (pad 2 smd roundrect (at 1.025 0 270) (size 1.15 1.4) (layers F.Cu F.Paste F.Mask) (roundrect_rratio 0.2173904347826087)
      (net 14 "Net-(C11-Pad1)"))
    (pad 1 smd roundrect (at -1.025 0 270) (size 1.15 1.4) (layers F.Cu F.Paste F.Mask) (roundrect_rratio 0.2173904347826087)
      (net 8 VCC))
    (model ${KISYS3DMOD}/Resistor_SMD.3dshapes/R_0805_2012Metric.wrl
      (at (xyz 0 0 0))
      (scale (xyz 1 1 1))
      (rotate (xyz 0 0 0))
    )
  )

  (module Resistor_SMD:R_0805_2012Metric_Pad1.15x1.40mm_HandSolder (layer F.Cu) (tedit 5B36C52B) (tstamp 5F7EE18A)
    (at -1 -8.5 270)
    (descr "Resistor SMD 0805 (2012 Metric), square (rectangular) end terminal, IPC_7351 nominal with elongated pad for handsoldering. (Body size source: https://docs.google.com/spreadsheets/d/1BsfQQcO9C6DZCsRaXUlFlo91Tg2WpOkGARC1WS5S8t0/edit?usp=sharing), generated with kicad-footprint-generator")
    (tags "resistor handsolder")
    (path /5F2231C2)
    (attr smd)
    (fp_text reference R10 (at 3.5 -4.4 90) (layer F.SilkS)
      (effects (font (size 1 1) (thickness 0.15)))
    )
    (fp_text value 5.1MR (at 0 1.65 90) (layer F.Fab)
      (effects (font (size 1 1) (thickness 0.15)))
    )
    (fp_line (start 1.85 0.95) (end -1.85 0.95) (layer F.CrtYd) (width 0.05))
    (fp_line (start 1.85 -0.95) (end 1.85 0.95) (layer F.CrtYd) (width 0.05))
    (fp_line (start -1.85 -0.95) (end 1.85 -0.95) (layer F.CrtYd) (width 0.05))
    (fp_line (start -1.85 0.95) (end -1.85 -0.95) (layer F.CrtYd) (width 0.05))
    (fp_line (start -0.261252 0.71) (end 0.261252 0.71) (layer F.SilkS) (width 0.12))
    (fp_line (start -0.261252 -0.71) (end 0.261252 -0.71) (layer F.SilkS) (width 0.12))
    (fp_line (start 1 0.6) (end -1 0.6) (layer F.Fab) (width 0.1))
    (fp_line (start 1 -0.6) (end 1 0.6) (layer F.Fab) (width 0.1))
    (fp_line (start -1 -0.6) (end 1 -0.6) (layer F.Fab) (width 0.1))
    (fp_line (start -1 0.6) (end -1 -0.6) (layer F.Fab) (width 0.1))
    (fp_text user %R (at 0 0 90) (layer F.Fab)
      (effects (font (size 0.5 0.5) (thickness 0.08)))
    )
    (pad 2 smd roundrect (at 1.025 0 270) (size 1.15 1.4) (layers F.Cu F.Paste F.Mask) (roundrect_rratio 0.2173904347826087)
      (net 12 "Net-(C10-Pad1)"))
    (pad 1 smd roundrect (at -1.025 0 270) (size 1.15 1.4) (layers F.Cu F.Paste F.Mask) (roundrect_rratio 0.2173904347826087)
      (net 8 VCC))
    (model ${KISYS3DMOD}/Resistor_SMD.3dshapes/R_0805_2012Metric.wrl
      (at (xyz 0 0 0))
      (scale (xyz 1 1 1))
      (rotate (xyz 0 0 0))
    )
  )

  (module Resistor_SMD:R_0805_2012Metric_Pad1.15x1.40mm_HandSolder (layer F.Cu) (tedit 5B36C52B) (tstamp 5F7EE179)
    (at 4.5 -8.5 270)
    (descr "Resistor SMD 0805 (2012 Metric), square (rectangular) end terminal, IPC_7351 nominal with elongated pad for handsoldering. (Body size source: https://docs.google.com/spreadsheets/d/1BsfQQcO9C6DZCsRaXUlFlo91Tg2WpOkGARC1WS5S8t0/edit?usp=sharing), generated with kicad-footprint-generator")
    (tags "resistor handsolder")
    (path /5F22BFCE)
    (attr smd)
    (fp_text reference R9 (at 0 -4.2 90) (layer F.SilkS)
      (effects (font (size 1 1) (thickness 0.15)))
    )
    (fp_text value 5.1MR (at 0 1.65 90) (layer F.Fab)
      (effects (font (size 1 1) (thickness 0.15)))
    )
    (fp_line (start 1.85 0.95) (end -1.85 0.95) (layer F.CrtYd) (width 0.05))
    (fp_line (start 1.85 -0.95) (end 1.85 0.95) (layer F.CrtYd) (width 0.05))
    (fp_line (start -1.85 -0.95) (end 1.85 -0.95) (layer F.CrtYd) (width 0.05))
    (fp_line (start -1.85 0.95) (end -1.85 -0.95) (layer F.CrtYd) (width 0.05))
    (fp_line (start -0.261252 0.71) (end 0.261252 0.71) (layer F.SilkS) (width 0.12))
    (fp_line (start -0.261252 -0.71) (end 0.261252 -0.71) (layer F.SilkS) (width 0.12))
    (fp_line (start 1 0.6) (end -1 0.6) (layer F.Fab) (width 0.1))
    (fp_line (start 1 -0.6) (end 1 0.6) (layer F.Fab) (width 0.1))
    (fp_line (start -1 -0.6) (end 1 -0.6) (layer F.Fab) (width 0.1))
    (fp_line (start -1 0.6) (end -1 -0.6) (layer F.Fab) (width 0.1))
    (fp_text user %R (at 0 0 90) (layer F.Fab)
      (effects (font (size 0.5 0.5) (thickness 0.08)))
    )
    (pad 2 smd roundrect (at 1.025 0 270) (size 1.15 1.4) (layers F.Cu F.Paste F.Mask) (roundrect_rratio 0.2173904347826087)
      (net 10 "Net-(C9-Pad1)"))
    (pad 1 smd roundrect (at -1.025 0 270) (size 1.15 1.4) (layers F.Cu F.Paste F.Mask) (roundrect_rratio 0.2173904347826087)
      (net 8 VCC))
    (model ${KISYS3DMOD}/Resistor_SMD.3dshapes/R_0805_2012Metric.wrl
      (at (xyz 0 0 0))
      (scale (xyz 1 1 1))
      (rotate (xyz 0 0 0))
    )
  )

  (module Resistor_SMD:R_0805_2012Metric_Pad1.15x1.40mm_HandSolder (layer F.Cu) (tedit 5B36C52B) (tstamp 5F7EE168)
    (at -5.5 -15 180)
    (descr "Resistor SMD 0805 (2012 Metric), square (rectangular) end terminal, IPC_7351 nominal with elongated pad for handsoldering. (Body size source: https://docs.google.com/spreadsheets/d/1BsfQQcO9C6DZCsRaXUlFlo91Tg2WpOkGARC1WS5S8t0/edit?usp=sharing), generated with kicad-footprint-generator")
    (tags "resistor handsolder")
    (path /5F688AE7)
    (attr smd)
    (fp_text reference R8 (at 0 1.5) (layer F.SilkS)
      (effects (font (size 1 1) (thickness 0.15)))
    )
    (fp_text value 75R (at 0 1.65) (layer F.Fab)
      (effects (font (size 1 1) (thickness 0.15)))
    )
    (fp_line (start 1.85 0.95) (end -1.85 0.95) (layer F.CrtYd) (width 0.05))
    (fp_line (start 1.85 -0.95) (end 1.85 0.95) (layer F.CrtYd) (width 0.05))
    (fp_line (start -1.85 -0.95) (end 1.85 -0.95) (layer F.CrtYd) (width 0.05))
    (fp_line (start -1.85 0.95) (end -1.85 -0.95) (layer F.CrtYd) (width 0.05))
    (fp_line (start -0.261252 0.71) (end 0.261252 0.71) (layer F.SilkS) (width 0.12))
    (fp_line (start -0.261252 -0.71) (end 0.261252 -0.71) (layer F.SilkS) (width 0.12))
    (fp_line (start 1 0.6) (end -1 0.6) (layer F.Fab) (width 0.1))
    (fp_line (start 1 -0.6) (end 1 0.6) (layer F.Fab) (width 0.1))
    (fp_line (start -1 -0.6) (end 1 -0.6) (layer F.Fab) (width 0.1))
    (fp_line (start -1 0.6) (end -1 -0.6) (layer F.Fab) (width 0.1))
    (fp_text user %R (at 0 0) (layer F.Fab)
      (effects (font (size 0.5 0.5) (thickness 0.08)))
    )
    (pad 2 smd roundrect (at 1.025 0 180) (size 1.15 1.4) (layers F.Cu F.Paste F.Mask) (roundrect_rratio 0.2173904347826087)
      (net 7 GND))
    (pad 1 smd roundrect (at -1.025 0 180) (size 1.15 1.4) (layers F.Cu F.Paste F.Mask) (roundrect_rratio 0.2173904347826087)
      (net 11 /DAC_BLUE))
    (model ${KISYS3DMOD}/Resistor_SMD.3dshapes/R_0805_2012Metric.wrl
      (at (xyz 0 0 0))
      (scale (xyz 1 1 1))
      (rotate (xyz 0 0 0))
    )
  )

  (module Resistor_SMD:R_0805_2012Metric_Pad1.15x1.40mm_HandSolder (layer F.Cu) (tedit 5B36C52B) (tstamp 5F7EE157)
    (at 0 -15 180)
    (descr "Resistor SMD 0805 (2012 Metric), square (rectangular) end terminal, IPC_7351 nominal with elongated pad for handsoldering. (Body size source: https://docs.google.com/spreadsheets/d/1BsfQQcO9C6DZCsRaXUlFlo91Tg2WpOkGARC1WS5S8t0/edit?usp=sharing), generated with kicad-footprint-generator")
    (tags "resistor handsolder")
    (path /5F68EF9F)
    (attr smd)
    (fp_text reference R7 (at 0 1.5) (layer F.SilkS)
      (effects (font (size 1 1) (thickness 0.15)))
    )
    (fp_text value 75R (at 0 1.65) (layer F.Fab)
      (effects (font (size 1 1) (thickness 0.15)))
    )
    (fp_line (start 1.85 0.95) (end -1.85 0.95) (layer F.CrtYd) (width 0.05))
    (fp_line (start 1.85 -0.95) (end 1.85 0.95) (layer F.CrtYd) (width 0.05))
    (fp_line (start -1.85 -0.95) (end 1.85 -0.95) (layer F.CrtYd) (width 0.05))
    (fp_line (start -1.85 0.95) (end -1.85 -0.95) (layer F.CrtYd) (width 0.05))
    (fp_line (start -0.261252 0.71) (end 0.261252 0.71) (layer F.SilkS) (width 0.12))
    (fp_line (start -0.261252 -0.71) (end 0.261252 -0.71) (layer F.SilkS) (width 0.12))
    (fp_line (start 1 0.6) (end -1 0.6) (layer F.Fab) (width 0.1))
    (fp_line (start 1 -0.6) (end 1 0.6) (layer F.Fab) (width 0.1))
    (fp_line (start -1 -0.6) (end 1 -0.6) (layer F.Fab) (width 0.1))
    (fp_line (start -1 0.6) (end -1 -0.6) (layer F.Fab) (width 0.1))
    (fp_text user %R (at 0 0) (layer F.Fab)
